50 745 124 306 53 781 -557 789 18 -183 -841 610 -66 754 -978 884 545 14 852 -503 191 423 379 -598 -618 -362 466 607 393 802 -313 749 -412 821 960 843 506 701 646 306 863 -598 676 -281 185 448 581 -822 -779 28 218
60 772 671 930 -274 -17 -324 691 -226 -133 -283 -924 682 -353 -822 209 862 353 -802 -948 -197 349 458 228 -52 -696 960 -376 -1000 -393 -355 622 -16 451 -567 -840 212 -909 789 353 460 -910 544 -439 583 -989 880 119 686 -765 998 -609 742 -10 225 -762 159 751 492 -976 180
127 127 128 130 133 137 132 126 133 125 116 126 115 103 90 104 89 105 88 106 125 145 166 188 211 187 162 188 161 189 160 190 159 191 224 190 225 261 224 186 225 185 226 268 311 267 222 176 129 81 130 180 231 179 232 178 123 67 10 -48 -107 -47 -108 -170 -107 -43 -108 -174 -107 -39 30 100 29 101 174 100 25 -51 -128 -206 -285 -205 -286 -368 -451 -367 -282 -196 -109 -21 -110 -200 -109 -201 -294 -388 -483 -387 -484 -386 -485 -385 -486 -384 -281 -385 -280 -386 -493 -601 -710 -600 -489 -601 -488 -374 -259 -375 -258 -140 -21 -141 -20 -142 -19 -143 -268 -142
105 -383 -957 -987 -465 -427 -913 85 400 368 -823 308 -318 599 822 970 486 902 380 925 784 971 821 -988 547 79 278 365 -167 534 -917 673 422 947 -257 -805 788 847 -946 -726 -880 803 -501 -762 -262 355 576 566 18 855 99 -59 797 325 471 -286 -432 59 873 741 -437 -683 37 -99 394 705 -782 -809 -785 -796 530 -329 226 508 63 542 396 584 -710 -128 824 -933 -974 193 891 -986 90 -600 74 331 -864 -988 477 -845 -139 -531 513 -558 -198 918 -657 -438 -327 -547 -195 118
69 -208 478 -515 -415 601 -219 761 -929 570 -260 401 -485 -778 -622 451 -342 93 -676 -245 317 -47 -240 -241 784 17 -335 711 675 -910 -549 339 -911 -480 -477 35 -306 -891 412 96 866 -259 569 79 292 -597 808 -486 147 -917 65 -342 429 -407 -85 -649 -473 442 411 88 367 968 354 168 405 -205 -72 759 703 -731
103 -457 -406 648 434 600 -97 -300 249 15 671 -216 -352 510 -578 -265 -775 974 66 -723 -536 -978 -961 720 -224 245 420 88 -373 945 518 173 -706 830 408 968 -243 858 -701 -623 -281 -652 -385 -370 -401 -195 -17 862 155 -142 467 396 296 962 505 964 466 81 690 -490 71 -53 -265 -24 387 -29 104 986 801 -32 482 -421 -164 -364 -960 965 834 -859 242 -616 205 182 -996 -164 989 761 121 277 -87 368 657 -690 -401 -288 180 -233 927 -892 -959 -467 986 481 838 -141
78 46 -306 86 780 -751 -208 167 335 79 -689 -790 -195 254 -449 -104 -776 248 173 -403 706 256 -288 -726 -165 482 242 -630 724 -348 423 -720 261 587 -70 666 -153 -875 966 -653 92 118 -965 -146 476 -226 -109 -99 -26 -643 844 998 -55 727 850 -795 101 941 296 -856 -435 780 584 -419 824 -639 -711 -826 -583 -721 -425 115 697 533 -404 -555 858 -275 315
47 192 193 195 192 196 201 207 200 192 183 193 182 194 207 221 206 190 207 189 208 188 209 187 210 186 161 135 162 190 219 189 220 188 221 255 290 326 363 401 362 322 281 323 280 236 281 235
14 639 953 -57 360 -18 -279 -120 672 776 -76 -901 265 399 -531
121 -600 745 580 -455 839 55 905 -194 695 222 748 -850 -656 -565 -429 744 -776 399 864 -493 171 -431 992 204 -784 -979 595 -261 677 -929 227 -67 20 143 -265 -212 65 -122 -914 115 -559 -141 -402 -393 35 -187 -647 448 -680 -165 425 -279 -17 361 721 978 218 243 815 837 -417 718 -782 698 -708 623 -666 88 669 920 53 -52 -243 327 320 952 -551 527 -391 996 145 -809 -937 248 -756 -389 -271 166 -189 789 -91 -949 -243 -184 -624 121 -246 708 868 -490 697 -554 676 -347 -99 -225 724 -598 466 -485 241 651 333 956 -489 -206 36 -403 673 453 -437
137 496 -518 -432 -997 -758 -492 745 -66 -777 -314 205 -248 -618 907 252 21 401 -438 235 72 -830 597 40 -425 861 307 -727 -148 -661 811 -16 -123 -295 357 571 -81 781 -572 -853 -936 -771 329 7 -594 -264 280 604 529 -586 -814 -589 -463 105 -354 80 -31 838 -416 256 -360 -390 -361 -655 254 -47 -551 943 -602 615 -273 -505 -566 741 581 -471 -794 71 -195 -572 -833 -342 951 -783 368 -362 -608 366 -573 925 -5 -549 98 629 -12 -302 705 1000 615 -993 -949 -999 -748 -397 -778 -453 -545 123 -991 -14 249 -716 375 -600 34 -821 -650 750 -510 263 706 -207 -509 874 147 -954 -418 -103 -522 -735 -229 651 259 -63 -592 -651 -185 487
38 -99 -361 862 -781 -38 275 -84 -263 -535 936 192 186 126 -745 -97 -438 -106 -145 -478 -684 -833 671 284 -832 -881 -804 -896 -479 430 330 918 -776 -659 49 -39 80 642 467
9 8 9 7 10 6 13 17 24 32
53 -474 -475 -477 -480 -476 -471 -477 -470 -462 -453 -443 -454 -466 -453 -439 -424 -440 -457 -439 -420 -440 -419 -441 -418 -442 -417 -391 -418 -446 -475 -505 -474 -442 -475 -509 -544 -508 -545 -507 -468 -508 -549 -507 -550 -594 -549 -595 -642 -594 -643 -593 -542 -490
140 -292 -291 -293 -296 -300 -295 -301 -308 -300 -309 -319 -308 -296 -309 -323 -308 -292 -309 -327 -308 -288 -309 -331 -308 -284 -259 -233 -206 -178 -207 -177 -146 -178 -145 -111 -76 -112 -75 -37 2 42 1 -41 -84 -128 -173 -219 -172 -220 -171 -221 -272 -220 -167 -221 -166 -222 -165 -223 -164 -104 -165 -227 -290 -226 -161 -227 -160 -228 -159 -229 -158 -86 -159 -85 -160 -236 -313 -235 -314 -394 -313 -395 -312 -396 -481 -395 -308 -396 -307 -397 -488 -580 -673 -767 -862 -958 -861 -959 -860 -960 -859 -961 -858 -754 -859 -965 -858 -966 -857 -967 -856 -968 -855 -969 -854 -970 -853 -735 -854 -974 -853 -975 -852 -728 -853 -979 -852 -724 -853 -723 -854 -722 -589 -723 -588 -452 -315 -453 -314
56 -273 -272 -274 -277 -273 -278 -272 -279 -271 -262 -252 -263 -275 -288 -302 -317 -301 -318 -336 -317 -337 -316 -294 -271 -247 -272 -298 -325 -353 -324 -294 -325 -357 -324 -290 -325 -289 -252 -290 -329 -289 -248 -206 -163 -207 -162 -116 -69 -21 -70 -20 -71 -123 -176 -122 -67
36 538 551 810 -432 47 -279 109 759 151 -154 161 878 989 810 -261 862 103 499 -550 -88 -878 532 204 352 -963 917 -659 400 488 417 404 -202 -661 445 -243 65
9 655 19 -820 -794 -836 52 249 -131 -287
52 -188 -189 -191 -194 -190 -195 -201 -194 -202 -193 -183 -172 -160 -173 -159 -144 -160 -143 -161 -180 -200 -179 -157 -134 -158 -183 -157 -184 -156 -127 -97 -66 -34 -67 -101 -136 -172 -209 -247 -208 -168 -127 -169 -126 -82 -37 -83 -130 -82 -131 -81 -30
21 -500 -848 -713 606 -139 801 398 337 692 34 -976 120 -75 -878 407 111 194 97 585 557 151
145 -340 -339 -337 -340 -336 -331 -337 -344 -352 -343 -353 -364 -376 -389 -403 -388 -404 -421 -403 -384 -404 -383 -361 -384 -408 -383 -357 -384 -412 -441 -411 -380 -412 -445 -411 -376 -340 -303 -265 -304 -264 -223 -181 -138 -94 -49 -95 -142 -94 -45 -95 -146 -198 -251 -197 -142 -198 -255 -313 -372 -312 -251 -189 -252 -316 -381 -315 -382 -450 -381 -451 -522 -450 -377 -303 -378 -302 -379 -457 -536 -456 -537 -619 -702 -618 -533 -447 -360 -448 -359 -269 -360 -268 -175 -269 -174 -270 -367 -465 -366 -266 -367 -469 -366 -470 -575 -681 -574 -682 -791 -681 -570 -458 -345 -459 -574 -690 -573 -455 -574 -694 -815 -693 -570 -694 -569 -695 -568 -696 -567 -697 -566 -434 -567 -701 -836 -972 -835 -973 -834 -694 -553 -695 -552 -408
3 -90 -91 -93
134 192 191 189 186 190 185 179 172 164 155 165 176 188 201 187 172 188 205 187 168 188 209 231 254 278 303 277 304 332 361 331 362 394 427 461 426 462 499 461 500 460 419 461 504 460 415 369 322 274 323 373 322 374 321 375 320 264 207 149 208 148 209 147 210 146 211 277 210 278 347 417 488 416 489 415 490 414 337 415 494 574 655 737 654 570 655 569 482 570 659 569 660 568 661 755 660 564 661 563 464 364 465 567 670 566 671 777 884 776 667 557 446 334 221 335 450 566 449 331 212 92 -29 93 216 92 217 91 -36 -164 -35 -165 -296 -164 -31
68 -954 35 -925 119 281 -924 -249 -717 487 -506 -142 213 -144 870 -840 -714 -344 -904 283 256 -953 -9 -321 -555 -803 -135 -113 -741 249 779 -859 -49 884 -727 -16 773 -673 533 -685 182 554 -156 -340 323 816 884 725 -669 189 799 758 -829 -597 138 131 586 133 -414 -847 -113 -141 -193 -414 -618 -147 59 -252 -119
13 -848 -204 -864 -781 -642 -468 46 472 94 518 180 -305 442
95 -14 664 -797 734 492 -762 524 -132 649 -426 412 894 222 -215 908 -853 404 -339 626 899 322 -394 -136 176 360 -948 471 -409 -129 678 -959 -66 -752 205 -752 -769 -156 -517 -690 -792 -544 731 177 974 -822 722 -248 935 280 425 265 121 153 -77 963 -692 220 -549 566 -772 411 282 -337 396 149 -19 321 -100 874 -625 163 -455 799 844 701 311 734 201 245 -579 -618 -958 100 455 -854 -271 -757 -343 -297 -327 202 177 765 464 174
96 -877 23 917 -299 -228 -21 337 886 338 -207 230 178 -699 -464 -353 -44 -512 574 983 -184 289 -322 -20 -136 -506 -754 424 129 -325 -329 468 613 -98 -427 116 929 -208 963 707 -41 243 -870 276 306 633 -712 -575 544 -257 80 532 -674 -753 151 718 -696 -850 808 243 -382 300 -81 499 -508 -887 -728 771 339 -539 686 -134 -111 640 858 -897 -523 -607 -684 502 393 -105 426 -684 812 -111 844 -201 397 -11 -636 412 539 -292 -431 209 -723
6 96 95 93 90 94 89
9 8 9 7 10 6 12 17 24 38
57 483 482 480 483 479 474 468 475 467 458 448 459 447 460 474 459 475 492 474 493 513 492 514 491 467 442 468 495 467 438 468 499 467 500 466 501 465 502 540 501 461 420 462 505 461 506 552 505 553 504 554 605 657 604 550 605 661
21 -359 -360 -362 -365 -369 -374 -368 -375 -367 -358 -368 -357 -345 -332 -318 -303 -319 -336 -318 -299 -319
85 97 -961 -727 53 220 -915 -703 161 -225 262 865 552 -653 661 -121 73 834 -815 495 -272 628 392 -191 617 121 -285 -763 213 -256 777 -144 -644 -242 913 -320 -64 -686 -198 25 -541 168 976 -114 -366 -115 776 689 -982 -893 -948 478 -217 -156 673 553 426 -689 -796 444 330 124 617 -860 286 -750 -382 -505 -9 -638 72 -57 261 852 998 687 820 -139 -446 -803 157 -646 -214 877 310 154
75 -809 597 542 -869 89 -230 -522 573 115 291 836 881 -251 -22 863 -683 -844 415 20 889 -522 641 357 142 344 278 651 -810 -734 -105 -812 820 775 712 -858 908 949 -86 -920 -13 -236 -160 -503 154 252 -776 953 -112 -448 810 400 551 910 49 962 993 184 253 -216 315 -840 230 68 -240 -130 -119 725 -7 131 65 -628 73 -186 -210 -519
3 7 7 8
139 -175 -174 -176 -173 -169 -174 -180 -187 -179 -188 -178 -189 -177 -190 -204 -219 -203 -186 -204 -223 -243 -264 -286 -309 -285 -310 -284 -311 -283 -312 -342 -373 -405 -372 -406 -441 -477 -440 -402 -441 -401 -442 -484 -441 -397 -442 -488 -441 -393 -442 -492 -543 -595 -542 -596 -651 -707 -650 -592 -651 -591 -530 -592 -655 -719 -654 -588 -521 -589 -658 -728 -657 -585 -658 -732 -807 -731 -808 -730 -651 -731 -650 -568 -485 -569 -484 -570 -483 -395 -306 -396 -305 -213 -306 -212 -117 -213 -310 -212 -113 -213 -314 -212 -109 -5 -110 -4 103 211 102 212 323 211 324 438 553 437 554 436 555 675 796 674 551 675 550 676 549 677 806 936 805 937 804 670 805 941 804 666
66 -653 -378 -730 206 -169 -881 321 443 -96 -165 -70 201 -28 -340 -273 716 119 -930 271 -415 -785 355 841 199 644 662 136 486 265 124 -111 110 -406 453 -247 -751 -379 -624 -247 191 -261 -446 940 -341 951 325 229 475 -450 134 856 -917 -418 222 781 -868 -391 -593 10 -680 555 -667 126 -341 480 -450
117 183 184 186 183 179 184 190 183 191 200 190 201 213 200 186 171 187 204 222 203 223 202 224 247 223 198 224 251 223 194 224 193 225 258 224 189 153 190 228 267 307 266 308 265 309 264 310 357 405 356 406 355 303 250 196 141 197 254 196 255 315 376 314 251 187 122 188 121 53 122 52 -19 -91 -18 -92 -167 -243 -320 -398 -477 -397 -478 -560 -477 -561 -646 -732 -645 -733 -822 -912 -821 -913 -820 -914 -819 -915 -818 -916 -817 -917 -816 -714 -611 -715 -610 -716 -609 -501 -610 -500 -389 -277 -390 -504 -389 -505
37 -702 -942 -620 620 -806 -106 446 -933 -809 -901 667 790 330 -896 -272 554 -97 -533 380 931 -208 -272 61 322 267 -631 -466 511 -553 931 -715 164 274 350 83 -724 -879
27 538 -372 994 -657 503 -401 -306 -83 26 -36 -469 529 727 -942 763 882 696 -833 354 270 -33 13 -600 516 -131 33 541
120 432 433 435 438 434 429 423 430 422 413 403 414 426 413 399 384 400 417 399 418 438 417 395 372 396 371 345 372 344 373 403 372 404 437 471 436 472 435 473 434 474 433 475 518 562 607 653 700 748 699 749 800 748 695 641 696 752 809 867 808 748 687 749 812 748 813 879 812 744 813 883 954 882 955 881 806 730 807 885 964 884 965 883 800 884 969 883 796 884 973 883 974 882 789 695 600 696 599 501 600 500 399 297 194 298 193 299 192 84 -25 85 196 84 197 311 196 80 -37 81 -38